SN1:
Reactant: -500664.54720192257
TS: -500649.83
Barrier: 14.71 kcal

SN2
R: -500667.495785396
TS: -500661.6097127159
Barrier: 5.886072680121288
